0 112210000 0 -1
0 112210000 1 -1
0 112210000 2 -1
0 112210000 3 -1
0 112210000 4 -1
0 112210000 5 0.666667
0 112210000 6 0.666667
0 112210000 7 1
0 112210000 8 1
1 112210000 0 -1
1 112210000 1 -1
1 112210000 2 -1
1 112210000 3 -1
1 112210000 4 -1
1 112210000 5 0
1 112210000 6 0.194444
1 112210000 7 1
1 112210000 8 1
2 112210000 0 -1
2 112210000 1 -1
2 112210000 2 -1
2 112210000 3 -1
2 112210000 4 -1
2 112210000 5 0
2 112210000 6 0.118056
2 112210000 7 1
2 112210000 8 1
